#reg1 reg2 reg3 reg4 tot 
  1.6855e-13   5.4244e-13   1.2707e-12   2.0567e-12   9.0801e-06 
  2.0602e-13   7.5501e-13   2.0323e-12   3.7179e-12   1.1171e-05 
  2.8913e-13   1.1866e-12   3.5574e-12   7.2466e-12   1.3743e-05 
  5.1351e-13   2.0271e-12   6.1352e-12   1.2190e-11   1.6908e-05 
  8.0847e-13   3.8126e-12   1.2718e-11   2.9360e-11   2.0801e-05 
  1.5894e-12   7.1878e-12   2.3833e-11   5.3105e-11   2.5591e-05 
  2.6807e-12   1.3497e-11   5.1183e-11   1.2893e-10   3.1484e-05 
  3.5850e-12   2.1233e-11   9.0043e-11   2.5239e-10   3.8734e-05 
  4.5462e-12   3.1754e-11   1.5171e-10   4.7968e-10   4.7653e-05 
  2.1620e-11   1.1161e-10   4.2155e-10   1.0545e-09   5.8627e-05 
  3.7615e-11   2.1353e-10   8.7272e-10   2.4252e-09   7.2129e-05 
  5.6020e-11   3.6671e-10   1.6567e-09   5.0078e-09   8.8741e-05 
  8.2873e-11   5.6319e-10   2.9313e-09   9.2116e-09   1.0918e-04 
  1.2441e-10   1.7977e-09   5.0564e-09   1.7459e-08   1.3433e-04 
  1.5873e-10   1.4134e-09   8.3085e-09   2.6875e-08   1.4395e-04 
  1.9819e-10   1.9641e-09   1.0920e-08   4.8151e-08   1.4397e-04 
  2.4085e-10   3.8872e-09   1.6309e-08   7.1754e-08   1.4400e-04 
  2.4851e-10   2.6596e-09   2.3362e-08   1.0485e-07   1.4404e-04 
  3.0714e-10   3.7271e-09   3.4813e-08   1.6860e-07   1.4412e-04 
  4.3411e-10   4.8445e-09   4.4908e-08   2.4658e-07   1.4421e-04 
  4.6559e-10   5.5371e-09   5.5051e-08   3.4035e-07   1.4431e-04 
  5.2320e-10   5.8981e-09   5.8244e-08   4.0858e-07   1.4438e-04 
  8.1020e-10   8.0507e-09   8.7217e-08   7.0071e-07   1.4471e-04 
  9.5288e-10   9.1101e-09   1.0198e-07   9.9464e-07   1.4502e-04 
  1.2333e-09   9.6544e-09   8.4214e-08   1.3862e-06   1.4539e-04 
  1.2505e-09   7.5634e-09   4.9570e-08   1.4049e-06   1.4537e-04 
  1.0299e-09   7.4768e-09   5.4277e-08   1.3476e-06   1.4532e-04 
  1.3929e-09   9.6203e-09   8.1771e-08   1.5319e-06   1.4145e-04 
  1.2478e-09   9.7711e-09   1.0534e-07   1.2490e-06   1.2962e-04 
  1.3495e-09   1.1644e-08   1.2434e-07   1.0643e-06   1.1885e-04 
  1.9638e-09   1.5236e-08   1.6177e-07   1.2094e-06   1.0931e-04 
  1.8759e-09   1.2401e-08   1.2545e-07   1.3202e-06   1.0045e-04 
  2.5962e-09   2.0920e-08   2.0512e-07   1.5460e-06   9.2575e-05 
  2.9566e-09   2.5538e-08   2.2081e-07   1.2877e-06   8.4826e-05 
  3.0927e-09   2.7104e-08   2.1381e-07   1.0944e-06   7.7738e-05 
  3.7172e-09   2.7817e-08   2.1371e-07   9.4877e-07   7.1273e-05 
  3.9335e-09   3.3403e-08   2.1310e-07   8.4630e-07   6.5379e-05 
  5.4536e-09   3.5227e-08   2.1146e-07   7.6099e-07   5.9977e-05 
  6.1351e-09   3.9637e-08   2.0839e-07   7.4720e-07   5.5088e-05 
  7.0491e-09   4.3149e-08   2.0668e-07   9.0188e-07   5.0771e-05 
  9.4078e-09   4.7900e-08   2.0436e-07   1.4608e-06   4.7231e-05 
  1.2279e-08   5.4523e-08   2.1001e-07   2.7109e-06   4.4731e-05 
  1.6192e-08   6.4710e-08   2.3056e-07   4.8708e-06   4.3473e-05 
  2.1769e-08   7.6581e-08   2.6429e-07   7.9331e-06   4.3418e-05 
  2.7228e-08   8.7349e-08   3.2725e-07   1.1564e-05   4.4223e-05 
  3.2517e-08   9.1535e-08   4.8965e-07   1.5202e-05   4.5368e-05 
  3.5503e-08   9.1394e-08   7.5206e-07   1.7521e-05   4.6096e-05 
  3.5777e-08   9.1136e-08   8.9631e-07   1.8154e-05   4.6263e-05 
  3.5887e-08   9.0116e-08   1.0504e-06   1.8694e-05   4.6360e-05 
  3.5889e-08   8.7585e-08   1.2370e-06   1.9157e-05   4.6424e-05 
  3.5509e-08   8.6295e-08   1.4625e-06   1.9487e-05   4.6408e-05 
  3.5410e-08   8.6058e-08   1.6989e-06   1.9788e-05   4.6387e-05 
  3.4396e-08   8.7314e-08   2.0008e-06   1.9912e-05   4.6268e-05 
  3.3697e-08   8.9541e-08   2.3274e-06   1.9870e-05   4.6021e-05 
  3.2543e-08   9.1565e-08   2.6915e-06   1.9787e-05   4.5781e-05 
  3.1083e-08   9.8373e-08   3.0683e-06   1.9562e-05   4.5428e-05 
  2.9553e-08   1.1020e-07   3.4577e-06   1.9252e-05   4.5018e-05 
  2.7854e-08   1.2525e-07   3.8924e-06   1.8825e-05   4.4552e-05 
  2.6401e-08   1.4367e-07   4.3486e-06   1.8313e-05   4.4036e-05 
  2.4724e-08   1.7417e-07   4.8025e-06   1.7748e-05   4.3486e-05 
  2.2953e-08   2.1107e-07   5.2643e-06   1.7086e-05   4.2514e-05 
  2.2084e-08   2.6149e-07   5.7005e-06   1.6433e-05   3.9855e-05 
  2.1484e-08   3.2196e-07   6.1094e-06   1.5753e-05   3.7464e-05 
  2.1641e-08   3.9408e-07   6.5376e-06   1.5024e-05   3.5329e-05 
  2.3399e-08   4.7843e-07   6.8768e-06   1.4310e-05   3.3370e-05 
  2.5873e-08   5.7457e-07   7.1601e-06   1.3540e-05   3.1522e-05 
  3.0888e-08   6.8482e-07   7.4979e-06   1.2847e-05   3.0005e-05 
  3.8168e-08   8.2775e-07   7.7619e-06   1.2085e-05   2.8539e-05 
  4.8504e-08   9.6048e-07   7.9693e-06   1.1561e-05   2.7387e-05 
  6.2726e-08   1.1050e-06   8.1816e-06   1.1608e-05   2.6949e-05 
  7.0859e-08   1.1855e-06   8.6601e-06   1.4254e-05   2.9413e-05 
  8.3549e-08   1.2771e-06   9.5221e-06   1.8520e-05   3.3990e-05 
  1.0022e-07   1.4089e-06   1.0737e-05   2.3176e-05   3.9436e-05 
  1.3231e-07   1.6206e-06   1.2013e-05   2.6602e-05   4.3880e-05 
  1.7889e-07   1.9081e-06   1.3298e-05   2.8804e-05   4.7262e-05 
  2.3382e-07   2.2110e-06   1.3512e-05   2.6154e-05   4.4799e-05 
  3.2409e-07   2.5561e-06   1.3316e-05   2.2541e-05   4.1091e-05 
  4.2671e-07   2.9072e-06   1.2901e-05   1.8814e-05   3.7108e-05 
  5.2654e-07   3.2475e-06   1.2293e-05   1.5356e-05   3.3224e-05 
  6.6495e-07   3.5955e-06   1.1629e-05   1.2492e-05   2.9957e-05 
  8.1116e-07   3.8610e-06   1.0948e-05   1.0125e-05   2.7124e-05 
  9.4669e-07   4.1190e-06   1.0231e-05   8.1758e-06   2.4679e-05 
  1.1131e-06   4.3734e-06   9.4520e-06   6.6532e-06   2.2648e-05 
  1.2731e-06   4.5624e-06   8.9380e-06   5.6601e-06   2.1357e-05 
  1.4837e-06   4.8961e-06   8.9101e-06   5.3558e-06   2.1454e-05 
  1.7487e-06   5.2837e-06   9.0786e-06   5.2326e-06   2.2051e-05 
  2.0294e-06   5.7495e-06   9.2371e-06   5.1975e-06   2.2832e-05 
  2.3523e-06   6.1500e-06   9.4612e-06   5.1427e-06   2.3648e-05 
  2.6727e-06   6.5183e-06   9.4673e-06   4.9161e-06   2.4048e-05 
  2.9664e-06   6.7966e-06   9.2357e-06   4.5829e-06   2.3996e-05 
  3.2335e-06   6.9220e-06   8.8404e-06   4.0907e-06   2.3449e-05 
  3.4268e-06   6.9635e-06   8.2374e-06   3.5435e-06   2.2489e-05 
  3.5893e-06   6.9022e-06   7.6432e-06   3.0268e-06   2.1439e-05 
  3.7423e-06   6.7997e-06   7.0060e-06   2.6113e-06   2.0402e-05 
  3.8337e-06   6.6333e-06   6.4873e-06   2.2387e-06   1.9406e-05 
  3.9188e-06   6.4620e-06   5.9209e-06   1.9283e-06   1.8416e-05 
  3.9570e-06   6.2302e-06   5.4372e-06   1.6673e-06   1.7455e-05 
  3.9496e-06   5.8686e-06   4.7747e-06   1.3522e-06   1.6080e-05 
  3.5887e-06   4.6354e-06   3.1693e-06   7.4616e-07   1.2220e-05 
  2.8334e-06   3.2483e-06   1.9496e-06   4.0639e-07   8.4856e-06 
  1.9440e-06   2.0242e-06   1.0914e-06   2.0317e-07   5.2913e-06 
  1.1903e-06   1.1360e-06   5.5956e-07   9.6550e-08   2.9994e-06 
  6.6292e-07   5.9175e-07   2.7085e-07   4.3652e-08   1.5793e-06 
  3.4513e-07   2.9146e-07   1.2585e-07   1.9268e-08   7.8774e-07 
  1.7127e-07   1.3824e-07   5.7226e-08   8.4522e-09   3.7879e-07 
  8.2170e-08   6.4325e-08   2.5454e-08   3.5914e-09   1.7768e-07 
  3.9123e-08   2.9746e-08   1.1428e-08   1.5971e-09   8.3170e-08 
  1.8287e-08   1.3547e-08   5.1032e-09   6.9731e-10   3.8393e-08 
  8.0961e-09   5.9013e-09   2.1769e-09   2.9276e-10   1.6919e-08 
  3.5922e-09   2.5822e-09   9.3769e-10   1.2385e-10   7.5054e-09 
  1.5848e-09   1.1276e-09   4.0590e-10   5.2657e-11   3.3315e-09 
  6.9552e-10   4.8942e-10   1.7374e-10   2.2603e-11   1.4769e-09 
  3.0366e-10   2.1219e-10   7.4299e-11   9.5658e-12   6.5667e-10 
  1.3177e-10   9.1747e-11   3.1757e-11   4.0522e-12   2.9325e-10 
  5.7012e-11   3.9349e-11   1.3688e-11   1.7236e-12   1.3198e-10 
  2.4587e-11   1.6879e-11   5.8528e-12   7.3114e-13   6.0086e-11 
  1.0576e-11   7.2318e-12   2.4811e-12   3.0845e-13   2.7767e-11 
  4.5258e-12   3.0927e-12   1.0595e-12   1.3526e-13   1.3084e-11 
  1.9389e-12   1.3163e-12   4.5115e-13   5.6630e-14   3.7630e-12 
